4294967278,315
4294967279,304
4294967279,276
4294967278,314
4294967278,188
4294967279,188
4294967279,301
4294967279,179
4294967279,177
4294967279,176
4294967279,172
4294967294,1413
4294967279,299
4294967278,378
4294967279,575
4294967279,168
4294967279,167
4294967279,574
4294967279,166
4294967279,165
4294967279,164
60,6
60,5
4294967279,163
60,4
60,3
60,2
60,1
4294967278,302
4294967279,162
4294967278,300
4294967279,293
4294967278,301
4294967279,159
4294967279,292
4294967278,299
4294967279,158
4294967279,157
4294967279,156
4294967278,377
4294967279,155
4294967279,153
4294967279,152
4294967279,151
4294967279,149
4294967278,149
4294967279,148
4294967279,288
4294967278,148
4294967279,147
4294967278,147
4294967279,146
4294967279,145
57,4
57,3
57,2
57,1
4294967278,376
4294967279,144
4294967279,143
4294967279,142
56,4
4294967279,141
56,3
56,2
56,1
4294967279,140
4294967279,272
4294967279,137
55,6
4294967294,474
4294967279,136
4294967279,285
4294967278,290
4294967279,135
55,5
4294967278,133
55,4
55,3
55,2
55,1
4294967279,269
4294967278,276
4294967279,267
4294967278,287
4294967294,409
4294967294,1415
4294967294,407
4294967294,415
4294967294,919
4294967294,451
4294967294,456
4294967294,113
4294967294,400
4294967294,454
4294967278,286
54,6
4294967279,265
4294967279,264
54,5
4294967278,267
54,4
54,3
54,2
54,1
4294967279,259
4294967278,264
4294967279,573
42,7
42,0
4294967278,285
4294967278,262
4294967294,473
4294967279,254
4294967279,281
4294967278,259
4294967278,375
4294967279,572
4294967278,374
4294967278,255
4294967278,373
4294967279,251
4294967278,372
4294967278,251
4294967278,246
4294967278,242
4294967279,239
4294967279,237
4294967278,237
4294967279,236
4294967279,231
4294967278,230
4294967279,229
4294967279,227
4294967278,226
4294967279,226
4294967279,224
4294967278,222
4294967294,470
4294967279,222
4294967279,220
4294967294,1416
4294967279,218
4294967279,216
4294967278,215
4294967279,214
4294967294,1414
4294967294,83
4294967293,131
4294967293,130
4294967293,129
4294967293,128
4294967293,127
4294967293,126
4294967293,125
4294967293,124
4294967293,123
4294967293,122
4294967293,121
4294967293,120
4294967293,119
4294967293,118
4294967293,117
4294967293,116
4294967293,115
4294967293,114
4294967293,113
4294967293,112
4294967293,111
4294967293,110
4294967293,109
4294967293,108
4294967293,107
4294967293,106
4294967293,105
4294967293,104
4294967293,103
4294967293,102
4294967293,101
4294967293,100
4294967293,99
4294967293,98
4294967293,97
4294967293,96
4294967293,95
4294967293,94
4294967293,93
4294967293,92
4294967293,91
4294967293,90
4294967293,89
4294967293,87
4294967293,86
4294967293,85
4294967293,84
4294967293,83
4294967293,82
4294967293,81
4294967293,80
4294967293,79
4294967293,78
4294967293,77
4294967293,76
4294967293,75
4294967293,74
4294967293,73
4294967293,72
4294967293,71
4294967293,70
4294967293,69
4294967293,68
4294967293,67
4294967293,66
4294967293,65
4294967293,64
4294967293,63
4294967293,62
4294967293,61
4294967293,60
4294967293,59
4294967293,58
4294967293,57
4294967293,56
4294967293,55
4294967293,54
4294967293,53
4294967293,52
4294967293,51
4294967293,50
4294967293,49
4294967293,48
4294967293,47
4294967293,46
4294967293,45
4294967293,44
4294967293,43
4294967293,42
4294967293,41
4294967293,40
4294967293,39
4294967293,38
4294967293,37
4294967293,36
4294967293,35
4294967293,34
4294967293,33
4294967293,32
4294967293,31
4294967293,30
4294967293,29
4294967293,28
4294967293,27
4294967293,26
4294967293,25
4294967293,24
4294967293,23
4294967293,22
4294967293,21
4294967293,20
4294967293,19
4294967293,18
4294967293,17
4294967293,16
4294967293,15
4294967293,14
4294967293,13
4294967293,12
4294967293,11
4294967293,10
4294967293,9
4294967293,8
4294967293,7
4294967293,6
4294967293,5
4294967293,4
4294967293,3
4294967279,51
4294967279,50
4294967279,49
4294967279,48
4294967279,47
4294967279,46
4294967279,45
4294967279,44
4294967279,43
4294967279,42
4294967279,41
4294967279,40
4294967279,39
4294967279,38
4294967279,37
4294967279,36
4294967279,35
4294967279,34
4294967279,33
4294967279,32
4294967279,31
4294967279,30
4294967279,29
4294967279,28
4294967279,27
4294967279,26
4294967279,25
4294967279,24
4294967279,23
4294967279,211
4294967279,209
4294967279,208
4294967279,207
4294967279,206
4294967279,205
4294967294,966
4294967294,965
4294967294,964
4294967294,962
4294967294,961
4294967294,960
4294967294,918
4294967294,917
4294967294,915
4294967294,912
4294967294,910
4294967294,909
4294967294,907
4294967294,902
4294967294,900
4294967294,898
4294967294,401
4294967294,185
4294967294,176
4294967294,170
4294967294,163
4294967294,162
4294967279,204
4294967278,203
4294967278,202
4294967278,174
4294967278,88
4294967278,260
4294967279,132
4294967279,130
4294967279,126
4294967279,125
4294967279,124
4294967279,123
4294967279,122
4294967279,121
4294967279,242
4294967279,117
4294967279,240
4294967279,116
4294967279,115
4294967279,238
4294967279,114
4294967279,113
4294967279,234
4294967279,112
4294967279,232
4294967279,111
4294967279,110
4294967279,109
4294967279,108
4294967279,107
4294967279,106
4294967279,105
4294967279,104
4294967279,103
4294967279,102
4294967279,101
4294967279,100
4294967279,99
4294967279,98
4294967279,97
4294967279,96
4294967279,95
4294967279,94
4294967279,93
4294967279,92
4294967279,91
4294967279,90
4294967279,87
4294967279,84
4294967279,82
4294967279,81
4294967279,79
4294967279,78
4294967279,260
4294967279,73
4294967279,71
4294967279,70
4294967279,69
4294967279,68
4294967279,66
4294967279,65
4294967279,64
4294967279,63
4294967279,62
4294967279,61
4294967279,60
4294967279,59
4294967279,58
4294967279,57
4294967279,56
4294967279,55
4294967279,54
4294967279,53
4294967279,52
4294967279,89
4294967279,77
4294967279,86
4294967279,198
4294967279,571
4294967279,85
4294967279,197
4294967294,161
4294967294,899
4294967294,901
4294967279,83
4294967279,196
4294967279,195
4294967278,193
4294967279,80
4294967279,190
53,6
